id,name,symbol,rank,price_usd,price_btc,24h_volume_usd,market_cap_usd,available_supply,total_supply,max_supply,percent_change_1h,percent_change_24h,percent_change_7d,last_updated,__extra_
bitcoin,Bitcoin,BTC,1,10594.5,1.0,7062000000.0,179098825322,16904887.0,16904887.0,21000000.0,0.01,-6.47,-1.6,1520409866,
ethereum,Ethereum,ETH,2,786.527,0.0746609,1885100000.0,77107015369.0,98034798.0,98034798.0,,-0.64,-7.37,-10.32,1520409851,
ripple,Ripple,XRP,3,0.909859,0.00008637,873378000.0,35568168637.0,39091956706.0,99992520283.0,100000000000,0.16,-6.47,-2.64,1520409840,
bitcoin-cash,Bitcoin Cash,BCH,4,1164.36,0.110527,432158000.0,19799053976.0,17004238.0,17004238.0,21000000.0,-0.4,-6.82,-6.2,1520409853,
litecoin,Litecoin,LTC,5,192.541,0.0182769,667200000.0,10689612688.0,55518631.0,55518631.0,84000000.0,0.2,-7.31,-10.67,1520409841,
neo,NEO,NEO,6,107.819,0.0102347,233466000.0,7008235000.0,65000000.0,100000000.0,100000000.0,0.92,-4.56,-22.01,1520409847,
cardano,Cardano,ADA,7,0.269893,0.00002562,120856000.0,6997534849.0,25927070538.0,31112483745.0,45000000000.0,-0.8,-9.94,-16.91,1520409857,
stellar,Stellar,XLM,8,0.326733,0.00003102,38690000.0,6034227661.0,18468375282.0,103748462367,,-0.49,-9.64,-7.14,1520409843,
monero,Monero,XMR,9,344.509,0.0327024,103140000.0,5442229009.0,15797059.0,15797059.0,,0.08,-5.5,15.73,1520409842,
eos,EOS,EOS,10,6.932,0.00065802,308909000.0,4939993398.0,712636093.0,900000000.0,1000000000.0,-0.76,-12.48,-21.41,1520409850,
iota,IOTA,MIOTA,11,1.64526,0.00015618,64104900.0,4573049993.0,2779530283.0,2779530283.0,2779530283.0,2.19,-12.61,-15.92,1520409851,
dash,Dash,DASH,12,555.88,0.0527668,122195000.0,4408853781.0,7931305.0,7931305.0,18900000.0,-0.0,-7.02,-8.31,1520409841,
nem,NEM,XEM,13,0.326384,0.00003098,22538300.0,2937456000.0,8999999999.0,8999999999.0,,-0.49,-8.2,-20.58,1520409844,
tron,TRON,TRX,14,0.0427011,0.00000405,243039000.0,2807520142.0,65748192475.0,100000000000,,-0.57,-8.87,0.92,1520409853,
ethereum-classic,Ethereum Classic,ETC,15,23.9107,0.00226971,395743000.0,2399130727.0,100337118.0,100337118.0,,0.52,-11.24,-31.73,1520409847,
tether,Tether,USDT,16,0.997847,0.00009472,2600450000.0,2212367309.0,2217140814.0,2280109970.0,,-0.51,-0.19,-0.28,1520409845,
vechain,VeChain,VEN,17,4.64393,0.00044082,138923000.0,2206896720.0,475221788.0,873378637.0,,-2.26,1.43,-9.27,1520409853,
qtum,Qtum,QTUM,18,23.5276,0.00223335,130892000.0,1739413725.0,73930776.0,100430776.0,,-1.43,-11.02,-14.18,1520409850,
lisk,Lisk,LSK,19,16.4063,0.00155736,28906300.0,1682588093.0,102557438.0,118774084.0,,-0.71,-9.52,-15.8,1520409846,
nano,Nano,NANO,20,12.5711,0.00119331,60719700.0,1675077569.0,133248289.0,133248289.0,133248290.0,-2.44,-11.46,-13.29,1520409849,
bitcoin-gold,Bitcoin Gold,BTG,21,98.644,0.00936375,26382900.0,1663677777.0,16865474.0,16965474.0,21000000.0,-1.43,-9.69,-16.44,1520409855,
omisego,OmiseGO,OMG,22,15.8079,0.00150056,45328900.0,1613078454.0,102042552.0,140245398.0,,-1.29,-6.69,-21.86,1520409852,
zcash,Zcash,ZEC,23,366.73,0.0348117,65425700.0,1256391767.0,3425931.0,3425931.0,,-0.4,-5.27,-9.19,1520409848,
icon,ICON,ICX,24,3.2108,0.00030478,30421900.0,1239260787.0,385966359.0,400230000.0,,-1.12,-9.37,-15.7,1520409855,
digixdao,DigixDAO,DGD,25,478.5,0.0454215,60452300.0,957000000.0,2000000.0,2000000.0,,-1.59,-3.91,-10.13,1520409846,
binance-coin,Binance Coin,BNB,26,9.42365,0.00089454,44957300.0,933073281.0,99014000.0,197192382.0,,-0.54,-5.41,-12.34,1520409852,
steem,Steem,STEEM,27,3.05004,0.00028952,5399000.0,765831153.0,251088888.0,268062982.0,,-2.44,-10.85,-10.79,1520409846,
bytecoin-bcn,Bytecoin,BCN,28,0.0038609,0.00000037,3902850.0,709508870.0,183767740701,183767740701,184470000000,-0.73,-7.98,-23.05,1520409843,
populous,Populous,PPT,29,19.0072,0.00180425,2212580.0,703342940.0,37004027.0,53252246.0,53252246.0,-1.37,-9.11,-9.9,1520409851,
stratis,Stratis,STRAT,30,7.11308,0.00067521,9895080.0,702538015.0,98767062.0,98767062.0,,-0.96,-10.34,-7.84,1520409846,
verge,Verge,XVG,31,0.0476518,0.00000452,14098600.0,699457359.0,14678508655.0,14678508655.0,16555000000.0,-0.56,-10.61,-18.75,1520409843,
waves,Waves,WAVES,32,5.94226,0.00056407,24586300.0,594226000.0,100000000.0,100000000.0,,-0.42,-9.27,-9.96,1520409846,
rchain,RChain,RHOC,33,1.62272,0.00015404,975167.0,583220615.0,359409272.0,870663574.0,1000000000.0,-0.65,-6.56,-13.31,1520409854,
status,Status,SNT,34,0.164779,0.00001564,53439600.0,571862848.0,3470483788.0,6804870174.0,,0.1,-10.03,-3.71,1520409850,
maker,Maker,MKR,35,915.601,0.0869132,508947.0,566049965.0,618228.0,1000000.0,,-0.65,-5.17,-12.93,1520409849,
waltonchain,Waltonchain,WTC,36,22.4473,0.0021308,97358900.0,558896871.0,24898178.0,70000000.0,100000000.0,-1.99,7.6,2.04,1520409852,
siacoin,Siacoin,SC,37,0.0163712,0.00000155,8531140.0,539251094.0,32939008359.0,32939008359.0,,-1.27,-16.06,-22.85,1520409845,
dogecoin,Dogecoin,DOGE,38,0.00440793,0.00000042,15949700.0,500250233.0,113488697114,113488697114,,-0.5,-12.57,-29.19,1520409841,
decred,Decred,DCR,39,71.9463,0.00682948,1132690.0,495418620.0,6885950.0,7305950.0,21000000.0,-0.37,-9.33,-7.37,1520409845,
bitshares,BitShares,BTS,40,0.186576,0.00001771,23523500.0,486980152.0,2610090000.0,2610090000.0,3600570502.0,1.21,-12.98,-15.74,1520409843,
aeternity,Aeternity,AE,41,2.04271,0.0001939,3139890.0,475993249.0,233020472.0,273685830.0,,-1.83,-10.07,-17.25,1520409849,
augur,Augur,REP,42,42.2888,0.00401425,1612800.0,465176800.0,11000000.0,11000000.0,,-0.6,-7.95,-12.49,1520409845,
0x,0x,ZRX,43,0.777578,0.00007381,6891550.0,401847946.0,516794387.0,1000000000.0,,-0.91,-10.73,-20.64,1520409852,
veritaseum,Veritaseum,VERI,44,196.217,0.0186258,768740.0,399624458.0,2036645.0,100000000.0,,-3.55,-2.58,-17.28,1520409850,
electroneum,Electroneum,ETN,45,0.0624066,0.00000592,2337980.0,396428465.0,6352348396.0,6352348396.0,21000000000.0,-0.87,-12.49,-18.96,1520409855,
bytom,Bytom,BTM,46,0.390143,0.00003703,16258000.0,385071141.0,987000000.0,1407000000.0,,-1.72,-10.24,11.61,1520409852,
komodo,Komodo,KMD,47,3.70214,0.00035142,1452590.0,384478498.0,103853041.0,103853041.0,,-1.88,-13.32,-2.5,1520409848,
ardor,Ardor,ARDR,48,0.367102,0.00003485,2685830.0,366734713.0,998999495.0,998999495.0,998999495.0,-0.32,-8.27,-10.46,1520409847,
ark,Ark,ARK,49,3.6203,0.00034366,3164970.0,365913308.0,101072648.0,132322648.0,,-2.87,-11.63,-2.75,1520409849,
cryptonex,Cryptonex,CNX,50,7.38044,0.00070059,199618.0,333236479.0,45151303.0,106588928.0,210000000.0,-0.28,-6.13,-3.41,1520409854,
golem-network-tokens,Golem,GNT,51,0.393751,0.00003738,6893610.0,328491497.0,834262000.0,1000000000.0,,-1.12,-14.76,9.77,1520409848,
basic-attention-token,Basic Attention Token,BAT,52,0.328114,0.00003115,3399560.0,328114000.0,1000000000.0,1500000000.0,,-0.44,-11.22,-9.3,1520409850,
syscoin,Syscoin,SYS,53,0.616935,0.00005856,1685630.0,327851018.0,531419060.0,531419060.0,888000000.0,-0.53,-8.51,-5.22,1520409843,
hshare,Hshare,HSR,54,7.60997,0.00072238,28336300.0,325001074.0,42707274.0,42707274.0,84000000.0,-0.43,-13.63,-23.59,1520409852,
dragonchain,Dragonchain,DRGN,55,1.36162,0.00012925,2623200.0,324640082.0,238421940.0,433494437.0,,-1.66,-14.46,2.46,1520409856,
gas,Gas,GAS,56,32.2382,0.0030602,4489060.0,318059397.0,9865917.0,15966720.0,100000000.0,0.02,-3.45,-21.48,1520409852,
ethos,Ethos,ETHOS,57,4.13227,0.00039225,3290530.0,313258997.0,75807969.0,222295208.0,,-0.67,-7.19,1.45,1520409852,
digibyte,DigiByte,DGB,58,0.030953,0.00000294,3242810.0,307597322.0,9937560882.0,9937560882.0,21000000000.0,0.87,-8.46,-12.65,1520409841,
kucoin-shares,KuCoin Shares,KCS,59,3.34096,0.00031714,1136040.0,304171275.0,91043076.0,181043076.0,,0.85,-9.21,-23.49,1520409854,
zilliqa,Zilliqa,ZIL,60,0.0459135,0.00000436,15601700.0,302147297.0,6580794255.0,12600000000.0,,-0.58,-11.67,-9.86,1520409859,
pivx,PIVX,PIVX,61,5.37929,0.00051063,2287540.0,299687358.0,55711322.0,55711322.0,,-0.7,-8.1,-4.43,1520409856,
monacoin,MonaCoin,MONA,62,4.7998,0.00045562,2944060.0,277873261.0,57892675.0,57892675.0,,-1.31,-9.4,-14.59,1520409842,
aion,Aion,AION,63,2.85192,0.00027072,2612220.0,274224380.0,96154303.0,465934587.0,,-0.14,-9.54,-2.44,1520409855,
aelf,aelf,ELF,64,1.06325,0.00010093,15808800.0,265812500.0,250000000.0,280000000.0,1000000000.0,-1.51,-8.4,-9.01,1520409857,
factom,Factom,FCT,65,30.2501,0.00287148,1679310.0,264540210.0,8745102.0,8745102.0,,0.7,-8.93,-11.36,1520409845,
byteball,Byteball Bytes,GBYTE,66,402.683,0.0382246,807025.0,259819952.0,645222.0,1000000.0,,-0.48,-9.28,-2.29,1520409848,
qash,QASH,QASH,67,0.740467,0.00007029,4259030.0,259163450.0,350000000.0,1000000000.0,,-1.51,-8.13,-11.07,1520409856,
loopring,Loopring,LRC,68,0.451886,0.00004290,2976200.0,256789481.0,568261642.0,1374956262.0,,-0.89,-12.88,-24.35,1520409852,
particl,Particl,PART,69,28.6599,0.00272053,578464.0,254855332.0,8892401.0,8892401.0,,-0.37,-6.59,31.2,1520409852,
funfair,FunFair,FUN,70,0.0529952,0.00000503,2245820.0,244046854.0,4605074689.0,10999873621.0,,-0.85,-15.0,2.64,1520409851,
nebulas-token,Nebulas,NAS,71,6.65427,0.00063165,7785900.0,236226585.0,35500000.0,100000000.0,100000000.0,-1.97,-12.87,-21.3,1520409852,
kyber-network,Kyber Network,KNC,72,1.7157,0.00016286,6298420.0,230131468.0,134132697.0,215625349.0,,-0.44,-11.86,-11.77,1520409853,
revain,Revain,R,73,1.2299,0.00011675,6137240.0,226855055.0,184450000.0,484450000.0,484450000.0,-0.73,-12.59,-48.63,1520409855,
reddcoin,ReddCoin,RDD,74,0.00748422,0.00000071,5533500.0,215352082.0,28774151777.0,28774151777.0,,-0.36,-12.35,-16.63,1520409841,
iconomi,Iconomi,ICN,75,2.12568,0.00020178,21391100.0,212006155.0,99735687.0,99735687.0,,-3.59,25.66,46.7,1520409848,
gxshares,GXShares,GXS,76,3.47202,0.00032958,5804390.0,208321200.0,60000000.0,100000000.0,100000000.0,-0.28,-6.83,-16.02,1520409850,
kin,Kin,KIN,77,0.000273704,0.00000003,276520.0,206946927.0,756097560976,10000000000000,,-0.09,-3.23,-7.76,1520409853,
zcoin,ZCoin,XZC,78,47.4237,0.00450169,4225620.0,201761845.0,4254452.0,4254452.0,21400000.0,1.05,-6.34,-9.91,1520409847,
nexus,Nexus,NXS,79,3.56235,0.00033815,51680200.0,199493457.0,56000521.0,56000521.0,,-1.27,10.14,100.66,1520409843,
salt,SALT,SALT,80,3.66751,0.00034814,3783380.0,198872914.0,54225596.0,120000000.0,,-1.91,-10.36,-12.12,1520409854,
iostoken,IOStoken,IOST,81,0.0290691,0.00000276,33071600.0,197498661.0,6794109922.0,21000000000.0,,-1.52,-14.86,-18.96,1520409858,
dent,Dent,DENT,82,0.0180495,0.00000171,2241130.0,191591128.0,10614760961.0,100000000000,,-2.18,-13.08,-30.47,1520409852,
neblio,Neblio,NEBL,83,14.8316,0.00140789,6966510.0,191044651.0,12880920.0,13631499.0,,-1.3,-12.33,-13.25,1520409853,
chainlink,ChainLink,LINK,84,0.543106,0.00005155,3588900.0,190087100.0,350000000.0,1000000000.0,,-1.27,-5.58,-24.04,1520409853,
blocknet,Blocknet,BLOCK,85,37.1762,0.00352894,1771810.0,187504163.0,5043661.0,5043661.0,,1.08,-7.16,12.11,1520409843,
polymath-network,Polymath,POLY,86,0.776922,0.00007375,1191200.0,186461086.0,239999750.0,1000000000.0,,-1.06,-5.52,-33.63,1520409859,
dentacoin,Dentacoin,DCN,87,0.000568005,0.00000005,143663.0,184730342.0,325226613094,1963173416169,8000000000000,-0.64,-4.54,-23.67,1520409852,
power-ledger,Power Ledger,POWR,88,0.498823,0.00004735,3829470.0,181537973.0,363932644.0,1000000000.0,,-0.67,-11.29,-15.5,1520409855,
bancor,Bancor,BNT,89,4.54225,0.00043117,5934800.0,178819491.0,39368042.0,74621946.0,,-0.5,-6.35,-10.45,1520409850,
nxt,Nxt,NXT,90,0.176917,0.00001679,3362910.0,176740073.0,998999942.0,998999942.0,1000000000.0,0.05,-7.99,-14.55,1520409841,
tenx,TenX,PAY,91,1.61877,0.00015366,2476730.0,169422589.0,104661310.0,205218256.0,,-0.67,-8.03,1.82,1520409851,
cindicator,Cindicator,CND,92,0.113581,0.00001078,2049740.0,164235467.0,1445976590.0,2000000005.0,,0.16,-8.98,-14.53,1520409854,
request-network,Request Network,REQ,93,0.255822,0.00002428,2600570.0,164147034.0,641645496.0,999999999.0,,-1.62,-10.34,-14.14,1520409854,
maidsafecoin,MaidSafeCoin,MAID,94,0.360739,0.00003424,2748300.0,163253305.0,452552412.0,452552412.0,,0.24,-6.34,-4.61,1520409842,
enigma-project,Enigma,ENG,95,2.14579,0.00020369,5057560.0,160582708.0,74836171.0,150000000.0,,-0.92,-13.99,-19.09,1520409854,
smartcash,SmartCash,SMART,96,0.206417,0.00001959,146229.0,158676393.0,768717660.0,1369761939.0,5000000000.0,-0.81,-9.8,-2.44,1520409851,
emercoin,Emercoin,EMC,97,3.82518,0.0003631,794696.0,158563881.0,41452659.0,41452659.0,,1.0,-10.36,0.54,1520409843,
pillar,Pillar,PLR,98,0.691143,0.00006561,328056.0,157155413.0,227384800.0,800000000.0,,3.39,-9.07,-20.07,1520409851,
singularitynet,SingularityNET,AGI,99,0.322876,0.00003065,411095.0,149000751.0,461479799.0,1000000000.0,,-0.92,-9.67,-6.39,1520409859,
gnosis-gno,Gnosis,GNO,100,128.692,0.0122161,494360.0,142151896.0,1104590.0,10000000.0,,-0.67,-6.71,-3.3,1520409849,
